REUTERS FINANS - SENESTE MENINGSMÅLINGER.

Indsamlet dato  S   RV    K   CD    SF  KRF   V   FRP  EL  DF
Sonar 25/11     28,1 4,9  14,4 2,5  10,6 1,7  29,3 1,8  3,6 4,1
Gallup 22-28/11 28,0 4,1  13,5 2,2  10,1  --  29,2 3,9  3,7 3,3
GfK/BT 16/11    28,5 4,0  12,8 2,2   8,7 1,8  30,1 2,6  3,0 5,4
Vilstrup 12/11  28,6 4,5  14,0 2,5  10,4 2,0  29,3 3,8  2,8 0,9
Greens 8/11     28,6 4,6  16,7 1,6   8,7 1,2  29,8 2,7  3,4 2,7
---------------------------------------------------------------
Valg 21/9 1994  34,6 4,6  15,0 2,8   7,3 1,9  23,3 6,4  3,1  -.
(c) Reuters Limited 1996.
