REUTERS FINANS - SENESTE MENINGSMÅLINGER.

Indsamlet dato  S   RV    K   CD    SF  KRF   V   FRP  EL  DF
Gallup 16-22/8  30,4 4,6  15,4  -    8,7 2,2  28,1 2,4  3,2 2,7
Vilstrup 20/8   30,0 6,0  15,1 2,0   7,8 1,3  28,1 3,6  2,8 1,9
Greens 6/8 27,9 4,7  17,2 1,9   8,0 1,1  30,2 3,3  3,5 2,2
GfK/BT 29/6     29,1 4,4  12,7 2,2   8,4 1,8  29,2 2,8  3,4 5,7
Sonar 10/6 29,5 4,1  14,1 2,4  10,1 1,2  28,4 1,4  3,1 5,7
---------------------------------------------------------------
Valg 21/9 1994  34,6 4,6  15,0 2,8   7,3 1,9  23,3 6,4  3,1  -.
(c) Reuters Limited 1996.
