REUTERS FINANS - SENESTE MENINGSMÅLINGER.

Indsamlet dato  S   RV    K   CD    SF  KRF   V   FRP  EL  DF
Greens 10/01    28,4 6,2  14,9 1,5   6,9 1,9  29,1 5,4  3,9 1,8
Gallup 13-19/12 30,6 5,1  13,2  --   8,4  --  28,4 4,2  3,4 2,4
Vilstrup 10/12  27,6 4,6  13,3 2,2   9,5 1,1  31,3 4,1  3,5 0,7
Sonar 25/11     28,1 4,9  14,4 2,5  10,6 1,7  29,3 1,8  3,6 4,1
GfK/BT 14/12    28,5 4,3  12,5 2,4   7,9 2,1  29,1 2,9  3,7 5,6
---------------------------------------------------------------
Valg 21/9 1994  34,6 4,6  15,0 2,8   7,3 1,9  23,3 6,4  3,1  -.
(c) Reuters Limited 1997.
