REUTERS FINANS - SENESTE MENINGSMÅLINGER.

Indsamlet dato  S   RV    K   CD    SF  KRF   V   FRP  EL  DF
Vilstrup 25/2   31,2 4,3  13,1 2,3   7,3 1,3  30,2 3,6  3,1 2,6
Gallup 21-23/2  31,6 5,1  12,5 2,2   7,4  --  28,6 4,0  3,4 2,8
Sonar 24/2 29,8 3,9  12,8 2,3   9,8 1,1  31,7 2,3  3,3 2,9 Greens 7/2 30,4 5,1  13,3 1,8   8,6 1,5  30,0 2,6  4,0 2,7
GfK/BT 18/1     29,6 4,6  13,0 2,5   7,5 2,3  28,8 2,5  2,8 4,8
---------------------------------------------------------------
Valg 21/9 1994  34,6 4,6  15,0 2,8   7,3 1,9  23,3 6,4  3,1  -.
(c) Reuters Limited 1997.
