Reuters Finans - seneste meningsmålinger.

Indsamlet dato  S   RV    K   CD   SF  KRF   V   FRP  EL  DF
Sonar 10/3 31,3 4,0  11,3 2,1  8,9 1,7  32,1 2,3  2,6 3,6
Greens 3-5/3    31,0 6,1  11,4 2,5  7,4 1,8  29,3 4,0  4,0 2,1
Vilstrup 5/3    32,7 4,7  10,7 1,6  8,1 2,0  31,2 3,4  2,3 1,8
Gallup 24-27/2  33,3 4,4  12,8 3,0  6,8  --  29,2 3,8  3,3 2,1
GfK/BT 18/1     29,6 4,6  13,0 2,5  7,5 2,3  28,8 2,5  2,8 4,8
---------------------------------------------------------------
Valg 21/9 1994  34,6 4,6  15,0 2,8   7,3 1,9  23,3 6,4  3,1  -.
(c) Reuters Limited 1997.
