161290
Words in dictionary... 609
 3
344 1
345 1
346 1
347 1
340 1
klimatologen 1
342 1
343 1
348 1
349 1
298 1
299 1
296 1
297 1
294 1
295 1
292 1
293 1
290 1
291 1
199 1
198 1
195 1
194 1
197 1
196 1
191 1
190 1
193 1
192 1
270 1
271 1
272 1
273 1
274 1
275 1
276 1
277 1
278 1
279 1
med 1
449 1
448 1
443 1
442 1
441 1
men 1
447 1
446 1
industr 1
444 1
108 1
109 1
102 1
103 1
100 1
101 1
106 1
107 1
104 1
105 1
39 1
38 1
33 1
32 1
31 1
30 1
37 1
36 1
35 1
34 1
438 1
439 1
436 1
437 1
434 1
435 1
432 1
433 1
430 1
431 1
klimabevi 1
339 1
338 1
335 1
334 1
337 1
336 1
331 1
330 1
trådte 1
332 1
år 3
to 1
6 1
341 1
chefr 1
99 1
98 1
koncerncheferne 1
91 1
90 1
93 1
92 1
95 1
94 1
97 1
96 1
me 1
f 1
der 3
det 6
den 1
hansen 4
mo 1
registr 1
238 1
239 1
234 1
235 1
236 1
237 1
230 1
231 1
232 1
233 1
information 1
sit 1
sig 1
146 1
147 1
144 1
145 1
142 1
143 1
140 1
141 1
148 1
149 1
først 1
fi 1
a 1
si 1
beskyldte 1
helt 1
133 1
132 1
131 1
130 1
137 1
136 1
135 1
134 1
494 1
495 1
139 1
138 1
490 1
491 1
492 1
493 1
24 1
25 1
26 1
27 1
20 2
21 1
22 1
23 1
28 1
29 1
407 1
406 1
405 1
404 1
403 1
402 1
401 1
400 1
fik 1
409 1
408 1
miljøforkæ 1
friskytte 1
ypperstepræ 1
james 3
379 1
ellers 1
371 1
370 1
373 1
372 1
375 1
374 1
377 1
376 1
krybskytte 1
en 1
citat 1
især 1
393 1
392 1
88 1
89 1
397 1
396 1
395 1
394 1
82 1
83 1
80 1
81 1
86 1
87 1
84 1
er 7
416 1
redaktionabonnementa 1
læse 1
7 1
hverken 1
klimaka 1
endnu 1
hosted 1
245 1
244 1
247 1
246 1
241 1
240 1
243 1
242 1
249 1
248 1
præcist 1
445 1
458 1
459 1
centrale 1
450 1
451 1
452 1
453 1
454 1
455 1
456 1
457 1
179 1
178 1
177 1
176 1
175 1
174 1
173 1
172 1
171 1
170 1
ikke 3
ingen 1
182 1
183 1
180 1
181 1
186 1
187 1
184 1
185 1
188 1
189 1
appledo 1
informat 1
11 1
10 1
13 1
12 1
15 1
14 1
17 1
16 1
19 1
18 1
r 1
pre 1
boston 1
62 1
download 1
tyve 1
322 1
323 1
320 1
321 1
326 1
327 1
324 1
325 1
vidnesbyrd 2
329 1
201 1
200 1
203 1
202 1
205 1
204 1
207 1
206 1
209 1
208 1
kan 2
77 1
76 1
75 1
74 1
73 1
72 1
71 1
70 1
79 1
78 1
m 1
slår 1
only 1
8 1
68 1
de 3
nasaforskeren 1
120 1
121 1
122 1
123 1
124 1
125 1
126 1
127 1
128 1
129 1
du 2
414 1
415 1
333 1
417 1
410 1
411 1
412 1
413 1
498 1
418 1
419 1
kampagnen 1
319 1
318 1
313 1
312 1
311 1
310 1
317 1
316 1
315 1
314 1
trods 1
være 1
496 1
hvorfor 1
497 1
fanged 1
efte 1
facebooktwitterrss 1
368 1
369 1
366 1
367 1
364 1
365 1
362 1
363 1
360 1
361 1
katastrofe 1
we 1
440 1
sidste 1
380 1
381 1
382 1
383 1
384 1
385 1
386 1
387 1
388 1
389 1
60 1
fremhævede 1
258 1
259 1
64 1
65 1
66 1
67 1
252 1
69 1
250 1
251 1
256 1
257 1
254 1
255 1
pr 1
499 1
fra 1
pe 1
500 1
469 1
468 1
465 1
464 1
467 1
466 1
461 1
460 1
463 1
462 1
281 1
hvilken 1
168 1
169 1
164 1
165 1
166 1
167 1
160 1
161 1
162 1
163 1
stadig 1
findes 1
mener 1
ledern 1
ik 1
if 1
akti 1
9 1
hansens 1
syv 1
i 3
357 1
356 1
355 1
354 1
353 1
352 1
351 1
350 1
359 1
358 1
216 1
217 1
214 1
215 1
212 1
213 1
210 1
211 1
skal 1
218 1
219 1
yndigt 1
han 2
had 1
289 1
288 1
4 1
vids 1
280 1
283 1
282 1
285 1
284 1
287 1
286 1
263 1
262 1
261 1
260 1
267 1
266 1
265 1
264 1
bushregeringen 1
269 1
268 1
328 1
59 1
58 1
61 1
55 1
54 1
57 1
56 1
51 1
50 1
53 1
52 1
63 1
ansvarshavende 1
carstennå 1
115 1
114 1
117 1
116 1
111 1
110 1
113 1
253 1
119 1
118 1
for 3
378 1
429 1
428 1
beboerene 1
421 1
420 1
423 1
422 1
425 1
424 1
427 1
426 1
308 1
309 1
300 1
301 1
302 1
303 1
304 1
305 1
306 1
307 1
og 1
var 1
når 1
hr 1
229 1
228 1
227 1
226 1
225 1
224 1
223 1
222 1
221 1
220 1
391 1
390 1
151 1
150 1
153 1
152 1
155 1
154 1
157 1
156 1
159 1
158 1
112 1
lyd 1
at 1
måske 1
399 1
398 1
muligt 1
48 1
49 1
46 1
47 1
44 1
45 1
42 1
43 1
40 1
41 1
til 3
471 1
5 1
85 1
hossolido 1
489 1
488 1
487 1
486 1
485 1
484 1
483 1
482 1
481 1
480 1
e 2
mandags 1
472 1
473 1
470 1
nasa 1
476 1
477 1
474 1
475 1
478 1
479 1
