Reuters Finans - seneste meningsmålinger.

Indsamlet dato  S   RV    K   CD   SF  KRF   V   FRP  EL  DF
Gallup 19-25/3  31,8 4,8  11,3 2,5  7,9  --  29,3 3,1  3,3 3,2
Vilstrup 18/3   32,6 5,6  11,0 2,2  7,6 1,5  29,8 4,6  3,7 1,5
Sonar 10/3 31,3 4,0  11,3 2,1  8,9 1,7  32,1 2,3  2,6 3,6
Greens 7-8/4    31,0 5,2  10,6 2,3  8,3 1,8  31,4 4,2  3,2 1,4
GfK/BT 18/1     29,6 4,6  13,0 2,5  7,5 2,3  28,8 2,5  2,8 4,8
---------------------------------------------------------------
Valg 21/9 1994  34,6 4,6  15,0 2,8   7,3 1,9  23,3 6,4 3,1  -.
(c) Reuters Limited 1997.
