REUTERS FINANS - SENESTE MENINGSMÅLINGER.

Indsamlet dato  S   RV    K   CD    SF  KRF   V   FRP  EL  DF
Gallup 15-21/11 30,8 4,3  14,5  --   8,7  --  27,3 4,8  2,8 2,4
GfK/BT 16/11    28,5 4,0  12,8 2,2   8,7 1,8  30,1 2,6  3,0 5,4
Vilstrup 12/11  28,6 4,5  14,0 2,5  10,4 2,0  29,3 3,8  2,8 0,9
Sonar  7/11     27,2 4,3  15,0 2,6  10,4 1,3  31,8 1,7  2,7 3,0
Greens 8/11     28,6 4,6  16,7 1,6   8,7 1,2  29,8 2,7  3,4 2,7
---------------------------------------------------------------
Valg 21/9 1994  34,6 4,6  15,0 2,8   7,3 1,9  23,3 6,4  3,1  -.
(c) Reuters Limited 1996.
