Reuters Finans - seneste meningsmålinger.

Indsamlet dato  S   RV    K   CD   SF  KRF   V   FRP  EL  DF
Vilstrup 15/4   31,3 5,3  12,8 1,6  8,7 0,5  30,0 5,1  2,5 1,3
GfK/BT 12/4     31,6 5,6   9,8 3,3  6,8 1,7  29,8 2,4  2,4 5,3
Greens 7-8/4    31,0 5,2  10,6 2,3  8,3 1,8  31,4 4,2  3,2 1,4
Gallup 19-25/3  31,8 4,8  11,3 2,5  7,9  --  29,3 3,1  3,3 3,2
Sonar 10/3 31,3 4,0  11,3 2,1  8,9 1,7  32,1 2,3  2,6 3,6
---------------------------------------------------------------
Valg 21/9 1994  34,6 4,6  15,0 2,8   7,3 1,9  23,3 6,4 3,1  -.
(c) Reuters Limited 1997.
