Reuters Finans - seneste meningsmålinger.

Indsamlet dato  S   RV    K   CD   SF  KRF   V   FRP  EL  DF
Sonar 16/06     29,0 4,4  11,7 4,0  9,9 1,4  30,2 1,8  2,8 4,3
Vilstrup 17/6   30,9 4,4  13,6 2,4  7,0 1,2  30,4 4,2  3,3 1,3
Greens 2-4/6    29,1 5,5  13,2 2,9  7,2 1,4  30,3 2,7  4,4 2,5
Gallup 16-22/5  28,3 5,0  14,1 3,5  8,6 --   28,6 2,5  3,3 3,9
GfK/BT 10/5     28,7 4,8  11,6 4,3  6,7 2,6  29,4 2,7  2,9 5,1
---------------------------------------------------------------
Valg 21/9 1994  34,6 4,6  15,0 2,8   7,3 1,9  23,3 6,4 3,1  -.
(c) Reuters Limited 1997.
