Reuters Finans - seneste meningsmålinger.

Indsamlet dato  S   RV    K   CD   SF  KRF   V   FRP  EL  DF
Vilstrup 15/7   31,3 5,6  12,6 1,9  8.7 1,1  27,9 2,8  3,6 3,6
Gallup 20-26/6  33,0 4,3  12,8 2,9  8,0 --   28,0 2,2  3,0 3,6
Sonar 16/06     29,0 4,4  11,7 4,0  9,9 1,4  30,2 1,8  2,8 4,3
Greens 2-4/6    29,1 5,5  13,2 2,9  7,2 1,4  30,3 2,7  4,4 2,5
GfK/BT 21/6     30,5 4,3  10,9 4,4  6,8 1,8  29,1 2,7  3,5 5,3
---------------------------------------------------------------
Valg 21/9 1994  34,6 4,6  15,0 2,8   7,3 1,9  23,3 6,4 3,1  -.
(c) Reuters Limited 1997.
